Site,SR,Plot,PL,Proness,ITV_PL,NestedT
HK2,1,1,0,0.002666667,-0.002666667,20.9200457
HK2,1,2,0.066666667,0.090555556,-0.023888889,20.9200457
HK2,1,3,0.086666667,0.090555556,-0.003888889,20.9200457
HK2,1,4,0.066666667,0.090555556,-0.023888889,20.9200457
HK2,1,5,0.033333333,0.090555556,-0.057222222,20.9200457
HK2,1,6,0,0.002666667,-0.002666667,20.9200457
HK2,2,1,0.023949278,0.003074275,0.020875003,20.9200457
HK2,2,2,0.04874261,0.062362508,-0.013619898,20.9200457
HK2,2,3,0.105484849,0.084284463,0.021200386,20.9200457
HK2,2,4,0.119171895,0.085355236,0.033816659,20.9200457
HK2,2,5,0,0.002805851,-0.002805851,20.9200457
HK2,2,6,0,0.002569604,-0.002569604,20.9200457
HK2,4,1,0.106587449,0.076732065,0.029855384,20.9200457
HK2,4,2,0.062366941,0.062366941,1.39E-17,20.9200457
HK2,4,3,0.076053321,0.060799521,0.0152538,20.9200457
HK2,4,4,0.019682797,0.016493454,0.003189343,20.9200457
HK2,4,5,0.015985849,0.022362367,-0.006376518,20.9200457
HK2,4,6,0.05127667,0.048190348,0.003086322,20.9200457
HK25,1,1,0.113333333,0.099028626,0.014304708,17.83546896
HK25,1,2,0.2,0.099028626,0.100971374,17.83546896
HK25,1,3,0.126666667,0.099028626,0.027638041,17.83546896
HK25,1,4,0.113333333,0.099028626,0.014304708,17.83546896
HK25,1,5,0.230769231,0.099028626,0.131740605,17.83546896
HK25,1,6,0.093333333,0.099028626,-0.005695292,17.83546896
HK25,2,1,0.076032762,0.086877922,-0.01084516,17.83546896
HK25,2,2,0.079038175,0.090312021,-0.011273846,17.83546896
HK25,2,3,0.069748211,0.060944731,0.00880348,17.83546896
HK25,2,4,0.097041133,0.084792794,0.012248339,17.83546896
HK25,2,5,0.068272727,0.067609544,0.000663184,17.83546896
HK25,2,6,0.033418173,0.029784202,0.003633971,17.83546896
HK25,4,1,0.01804687,0.025020195,-0.006973324,17.83546896
HK25,4,2,0.030476694,0.034284737,-0.003808043,17.83546896
HK25,4,3,0.013942493,0.019240966,-0.005298473,17.83546896
HK25,4,4,0.001476409,0.020722811,-0.019246402,17.83546896
HK25,4,5,0.001287858,0.00956511,-0.008277252,17.83546896
HK25,4,6,0.009159132,0.012698228,-0.003539096,17.83546896
HK26,1,1,0.18,0.104485597,0.075514403,18.94749375
HK26,1,2,0.133333333,0.104485597,0.028847737,18.94749375
HK26,1,3,0.093333333,0.104485597,-0.011152263,18.94749375
HK26,1,4,0.186666667,0.104485597,0.08218107,18.94749375
HK26,1,5,0.16,0.104485597,0.055514403,18.94749375
HK26,1,6,0.173333333,0.104485597,0.068847737,18.94749375
HK26,2,1,0.033514907,0.043772813,-0.010257906,18.94749375
HK26,2,2,0.058671426,0.043787992,0.014883433,18.94749375
HK26,2,3,0.017032775,0.016684496,0.000348278,18.94749375
HK26,2,4,0.088769558,0.069563552,0.019206006,18.94749375
HK26,2,5,0.098818779,0.098514905,0.000303875,18.94749375
HK26,2,6,0.100831289,0.098769538,0.002061751,18.94749375
HK26,4,1,0.026221637,0.020800931,0.005420706,18.94749375
HK26,4,2,0.025853331,0.030460434,-0.004607103,18.94749375
HK26,4,3,0.065942192,0.068640113,-0.002697921,18.94749375
HK26,4,4,0.061313235,0.070649697,-0.009336462,18.94749375
HK26,4,5,0.034705318,0.06194065,-0.027235333,18.94749375
HK26,4,6,0.049100314,0.06702794,-0.017927626,18.94749375
HK27,1,1,0,0,0,20.31113984
HK27,1,2,0,0,0,20.31113984
HK27,1,3,0.173333333,0.123424837,0.049908497,20.31113984
HK27,1,4,0.16,0.123424837,0.036575163,20.31113984
HK27,1,5,0.098039216,0.123424837,-0.025385621,20.31113984
HK27,1,6,0.16,0.123424837,0.036575163,20.31113984
HK27,2,1,0.131971346,0.114019602,0.017951745,20.31113984
HK27,2,2,0.112950301,0.094994487,0.017955814,20.31113984
HK27,2,3,0.102934829,0.105837866,-0.002903037,20.31113984
HK27,2,4,0.046524357,0.086133917,-0.03960956,20.31113984
HK27,2,5,0.028354718,0.013827801,0.014526917,20.31113984
HK27,2,6,0.096662219,0.105269282,-0.008607063,20.31113984
HK27,4,1,0.165365376,0.112603579,0.052761797,20.31113984
HK27,4,2,0.050143845,0.041351511,0.008792334,20.31113984
HK27,4,3,0.049607651,0.054425096,-0.004817445,20.31113984
HK27,4,4,0.075637403,0.116400365,-0.040762963,20.31113984
HK27,4,5,0.043295242,0.102639963,-0.059344721,20.31113984
HK27,4,6,0.028018853,0.0430547,-0.015035847,20.31113984
HK29,1,1,0.066666667,0.06,0.006666667,21.63545824
HK29,1,2,0.113333333,0.06,0.053333333,21.63545824
HK29,1,3,0.06,0.066666667,-0.006666667,21.63545824
HK29,1,4,0.093333333,0.066666667,0.026666667,21.63545824
HK29,1,5,0.073333333,0.066666667,0.006666667,21.63545824
HK29,1,6,0.06,0.066666667,-0.006666667,21.63545824
HK29,2,1,0.040302108,0.045339871,-0.005037763,21.63545824
HK29,2,2,0.072619269,0.066017517,0.006601752,21.63545824
HK29,2,3,0.013120816,0.016869621,-0.003748805,21.63545824
HK29,2,4,0.043712601,0.054640751,-0.01092815,21.63545824
HK29,2,5,0.041076014,0.024645609,0.016430406,21.63545824
HK29,2,6,0.03811647,0.057174704,-0.019058235,21.63545824
HK29,4,1,0.059366848,0.059366848,-3.47E-17,21.63545824
HK29,4,2,0.001015108,0.010001147,-0.008986039,21.63545824
HK29,4,3,0.008072539,0.011068164,-0.002995624,21.63545824
HK29,4,4,0.014696022,0.048986739,-0.034290717,21.63545824
HK29,4,5,0.046995754,0.039163128,0.007832626,21.63545824
HK29,4,6,0.019284445,0.011343791,0.007940654,21.63545824
HK30,1,1,0,0,0,23.45900733
HK30,1,2,0.08,0.031979167,0.048020833,23.45900733
HK30,1,3,0.0625,0.031979167,0.030520833,23.45900733
HK30,1,4,0.04,0.031979167,0.008020833,23.45900733
HK30,1,5,0,0.005,-0.005,23.45900733
HK30,1,6,0,0.001481481,-0.001481481,23.45900733
HK30,2,1,0,0.004016692,-0.004016692,23.45900733
HK30,2,2,0.001592609,0.006477941,-0.004885332,23.45900733
HK30,2,3,0,0.005858613,-0.005858613,23.45900733
HK30,2,4,0.005101005,0.00282758,0.002273425,23.45900733
HK30,2,5,0,0.002021894,-0.002021894,23.45900733
HK30,2,6,0,0.002235745,-0.002235745,23.45900733
HK30,4,1,0.005158265,0.004123925,0.00103434,23.45900733
HK30,4,2,0.005868143,0.01038617,-0.004518027,23.45900733
HK30,4,3,0.001997613,0.007642949,-0.005645336,23.45900733
HK30,4,4,0,0.003622028,-0.003622028,23.45900733
HK30,4,5,0,0.001261734,-0.001261734,23.45900733
HK30,4,6,0.011845231,0.004432013,0.007413218,23.45900733
HK31,1,1,0,0,0,15.5195353
HK31,1,2,0,0,0,15.5195353
HK31,1,3,0,0,0,15.5195353
HK31,1,4,0,0,0,15.5195353
HK31,1,5,0,0,0,15.5195353
HK31,1,6,0,0,0,15.5195353
HK31,2,1,0,0.001818368,-0.001818368,15.5195353
HK31,2,2,0,0.001464833,-0.001464833,15.5195353
HK31,2,3,0,0,0,15.5195353
HK31,2,4,0,0,0,15.5195353
HK31,2,5,0,0,0,15.5195353
HK31,2,6,0,0,0,15.5195353
HK31,4,1,0,0.002988947,-0.002988947,15.5195353
HK31,4,2,0.009452101,0.00189042,0.007561681,15.5195353
HK31,4,3,0,0,0,15.5195353
HK31,4,4,0,0,0,15.5195353
HK31,4,5,0,0,0,15.5195353
HK31,4,6,0.000342543,0.003038961,-0.002696418,15.5195353
HK32,1,1,0.013888889,0.013647343,0.000241546,24.2413498
HK32,1,2,0,0,0,24.2413498
HK32,1,3,0,0,0,24.2413498
HK32,1,4,0,0,0,24.2413498
HK32,1,5,0,0,0,24.2413498
HK32,1,6,0,0,0,24.2413498
HK32,2,1,0.009740035,0.009469478,0.000270557,24.2413498
HK32,2,2,0,0.00505024,-0.00505024,24.2413498
HK32,2,3,0,0.010267322,-0.010267322,24.2413498
HK32,2,4,0.003756079,0.007303488,-0.003547408,24.2413498
HK32,2,5,0.013333333,0.013356179,-2.28E-05,24.2413498
HK32,2,6,0.01475,0.013501912,0.001248088,24.2413498
HK32,4,1,0.005215666,0.008786453,-0.003570787,24.2413498
HK32,4,2,0.007546833,0.010926707,-0.003379874,24.2413498
HK32,4,3,0.007428944,0.009843472,-0.002414528,24.2413498
HK32,4,4,0.022668682,0.010760643,0.011908038,24.2413498
HK32,4,5,0.004928353,0.006139059,-0.001210706,24.2413498
HK32,4,6,0.007603824,0.006109936,0.001493888,24.2413498
HK33,1,1,0.06,0.043703704,0.016296296,26.87620786
HK33,1,2,0.04,0.043703704,-0.003703704,26.87620786
HK33,1,3,0.033333333,0.043703704,-0.01037037,26.87620786
HK33,1,4,0.026666667,0.043703704,-0.017037037,26.87620786
HK33,1,5,0.038461538,0.033494561,0.004966977,26.87620786
HK33,1,6,0.013333333,0.033494561,-0.020161228,26.87620786
HK33,2,1,0,0,0,26.87620786
HK33,2,2,0,0,0,26.87620786
HK33,2,3,0,0,0,26.87620786
HK33,2,4,0,0,0,26.87620786
HK33,2,5,0,0,0,26.87620786
HK33,2,6,0,0,0,26.87620786
HK33,4,1,0.001901204,0.014299763,-0.012398559,26.87620786
HK33,4,2,0.022764695,0.022451285,0.000313411,26.87620786
HK33,4,3,0.011559279,0.014749005,-0.003189725,26.87620786
HK33,4,4,0.022409775,0.020648404,0.001761372,26.87620786
HK33,4,5,0.028783321,0.016956166,0.011827155,26.87620786
HK33,4,6,0.016823233,0.015151796,0.001671437,26.87620786
HK34,1,1,0,0.002051282,-0.002051282,23.46368122
HK34,1,2,0,0.002051282,-0.002051282,23.46368122
HK34,1,3,0,0.002051282,-0.002051282,23.46368122
HK34,1,4,0,0.002051282,-0.002051282,23.46368122
HK34,1,5,0,0.002051282,-0.002051282,23.46368122
HK34,1,6,0,0.002051282,-0.002051282,23.46368122
HK34,2,1,0,5.75E-05,-5.75E-05,23.46368122
HK34,2,2,0,0.000217984,-0.000217984,23.46368122
HK34,2,3,0,0.001082007,-0.001082007,23.46368122
HK34,2,4,0,0.000870175,-0.000870175,23.46368122
HK34,2,5,0.002844941,0.000711235,0.002133706,23.46368122
HK34,2,6,0.005619939,0.000432303,0.005187636,23.46368122
HK34,4,1,0,0.001615036,-0.001615036,23.46368122
HK34,4,2,0,0.00118814,-0.00118814,23.46368122
HK34,4,3,0.001173586,0.001872132,-0.000698546,23.46368122
HK34,4,4,0,0.000896739,-0.000896739,23.46368122
HK34,4,5,0,0.002479035,-0.002479035,23.46368122
HK34,4,6,0.002462004,0.002346771,0.000115233,23.46368122
HK38,1,1,0,0,0,15.14263936
HK38,1,2,0,0,0,15.14263936
HK38,1,3,0.006666667,0.00125,0.005416667,15.14263936
HK38,1,4,0.006666667,0.00125,0.005416667,15.14263936
HK38,1,5,0,0.00125,-0.00125,15.14263936
HK38,1,6,0,0.00125,-0.00125,15.14263936
HK38,2,1,0,0.000243497,-0.000243497,15.14263936
HK38,2,2,0,0.0005278,-0.0005278,15.14263936
HK38,2,3,0,0.000468798,-0.000468798,15.14263936
HK38,2,4,0,0.000232814,-0.000232814,15.14263936
HK38,2,5,0.006666667,0.00125,0.005416667,15.14263936
HK38,2,6,0,0.000353675,-0.000353675,15.14263936
HK38,4,1,0,0.000276309,-0.000276309,15.14263936
HK38,4,2,0,0.000219694,-0.000219694,15.14263936
HK38,4,3,0,0.0001492,-0.0001492,15.14263936
HK38,4,4,0,0.000152553,-0.000152553,15.14263936
HK38,4,5,0,0.00010234,-0.00010234,15.14263936
HK38,4,6,0,0.000321422,-0.000321422,15.14263936
HK39,1,1,0,0.003333333,-0.003333333,31.1474543
HK39,1,2,0,0.003333333,-0.003333333,31.1474543
HK39,1,3,0,0,0,31.1474543
HK39,1,4,0,0,0,31.1474543
HK39,1,5,0,0,0,31.1474543
HK39,1,6,0,0.003333333,-0.003333333,31.1474543
HK39,2,1,0.006061266,0.011020484,-0.004959218,31.1474543
HK39,2,2,0,0.009436259,-0.009436259,31.1474543
HK39,2,3,0,0.01115614,-0.01115614,31.1474543
HK39,2,4,0.019169265,0.011617736,0.007551528,31.1474543
HK39,2,5,0.010792975,0.006541197,0.004251778,31.1474543
HK39,2,6,0,0,0,31.1474543
HK39,4,1,0.003209153,0.005872964,-0.002663811,31.1474543
HK39,4,2,0.008453539,0.005123357,0.003330182,31.1474543
HK39,4,3,0.011871281,0.010792073,0.001079207,31.1474543
HK39,4,4,0.006584633,0.010969801,-0.004385168,31.1474543
HK39,4,5,0.005014794,0.009117808,-0.004103013,31.1474543
HK39,4,6,0.02989954,0.01087256,0.01902698,31.1474543
HK40,1,1,0,0,0,19.15624147
HK40,1,2,0,0,0,19.15624147
HK40,1,3,0,0,0,19.15624147
HK40,1,4,0,0,0,19.15624147
HK40,1,5,0,0,0,19.15624147
HK40,1,6,0,0,0,19.15624147
HK40,2,1,0.040061575,0.010223734,0.029837841,19.15624147
HK40,2,2,0.009442409,0.009442409,8.67E-18,19.15624147
HK40,2,3,0.008244777,0.007097065,0.001147712,19.15624147
HK40,2,4,0.001315009,0.006248382,-0.004933374,19.15624147
HK40,2,5,0.007998392,0.020654934,-0.012656542,19.15624147
HK40,2,6,0.001342266,0.000894844,0.000447422,19.15624147
HK40,4,1,0,0.000969508,-0.000969508,19.15624147
HK40,4,2,0.009868775,0.013945551,-0.004076776,19.15624147
HK40,4,3,0,0.010091113,-0.010091113,19.15624147
HK40,4,4,0.001460271,0.006537964,-0.005077693,19.15624147
HK40,4,5,0.003968188,0.011876173,-0.007907985,19.15624147
HK40,4,6,0.009863449,0.007443135,0.002420314,19.15624147
HK5,1,1,0,0,0,24.52007555
HK5,1,2,0.023809524,0.034342694,-0.010533171,24.52007555
HK5,1,3,0,0,0,24.52007555
HK5,1,4,0,0,0,24.52007555
HK5,1,5,0.074074074,0.034342694,0.03973138,24.52007555
HK5,1,6,0.006666667,0.0075,-0.000833333,24.52007555
HK5,2,1,0,0,0,24.52007555
HK5,2,2,0,0.000782248,-0.000782248,24.52007555
HK5,2,3,0.00082078,0.000923378,-0.000102598,24.52007555
HK5,2,4,0.017292732,0.004863581,0.012429151,24.52007555
HK5,2,5,0,0.007000851,-0.007000851,24.52007555
HK5,2,6,0.00855343,0.006598361,0.00195507,24.52007555
HK5,4,1,0.002534654,0.003582512,-0.001047858,24.52007555
HK5,4,2,0.003264137,0.006474486,-0.003210349,24.52007555
HK5,4,3,0.01192619,0.009697027,0.002229162,24.52007555
HK5,4,4,0.003473002,0.004472709,-0.000999707,24.52007555
HK5,4,5,0.010104068,0.005683538,0.00442053,24.52007555
HK5,4,6,0,0.001155837,-0.001155837,24.52007555
HK6,1,1,0,0.022857143,-0.022857143,35.69473606
HK6,1,2,0,0.003472222,-0.003472222,35.69473606
HK6,1,3,0,0,0,35.69473606
HK6,1,4,0,0.00956757,-0.00956757,35.69473606
HK6,1,5,0,0,0,35.69473606
HK6,1,6,0.00877193,0.00956757,-0.00079564,35.69473606
HK6,2,1,0,0.003627004,-0.003627004,35.69473606
HK6,2,2,0,0.00292396,-0.00292396,35.69473606
HK6,2,3,0.016180284,0.009016847,0.007163437,35.69473606
HK6,2,4,0.004312856,0.00831585,-0.004002994,35.69473606
HK6,2,5,0.005646336,0.006069598,-0.000423262,35.69473606
HK6,2,6,0.013382417,0.009176514,0.004205902,35.69473606
HK6,4,1,0.001892811,0.006292551,-0.00439974,35.69473606
HK6,4,2,0.001387572,0.002142789,-0.000755217,35.69473606
HK6,4,3,0.001397525,0.000511969,0.000885556,35.69473606
HK6,4,4,0.007584281,0.006537937,0.001046344,35.69473606
HK6,4,5,0.01136925,0.006717962,0.004651288,35.69473606
HK6,4,6,0,0.005562469,-0.005562469,35.69473606
LM18,1,1,0.006666667,0.002464986,0.004201681,19.94136475
LM18,1,2,0,0.002464986,-0.002464986,19.94136475
LM18,1,3,0.008333333,0.002464986,0.005868347,19.94136475
LM18,1,4,0,0,0,19.94136475
LM18,1,5,0,0.002464986,-0.002464986,19.94136475
LM18,1,6,0.011904762,0.002464986,0.009439776,19.94136475
LM18,2,1,0.001052788,0.000389266,0.000663522,19.94136475
LM18,2,2,0,0.000254725,-0.000254725,19.94136475
LM18,2,3,0,0.000126103,-0.000126103,19.94136475
LM18,2,4,0,0.001431635,-0.001431635,19.94136475
LM18,2,5,0,0.000986561,-0.000986561,19.94136475
LM18,2,6,0,0.000820063,-0.000820063,19.94136475
LM18,4,1,8.66E-05,2.56E-05,6.10E-05,19.94136475
LM18,4,2,0,0.000711606,-0.000711606,19.94136475
LM18,4,3,0,0.000759092,-0.000759092,19.94136475
LM18,4,4,0,0.001821319,-0.001821319,19.94136475
LM18,4,5,0,0.001183087,-0.001183087,19.94136475
LM18,4,6,0,0.000533389,-0.000533389,19.94136475
LM19,1,1,0.011904762,0.000793651,0.011111111,18.43815697
LM19,1,2,0,0.000793651,-0.000793651,18.43815697
LM19,1,3,0,0.000793651,-0.000793651,18.43815697
LM19,1,4,0,0.000793651,-0.000793651,18.43815697
LM19,1,5,0,0.000793651,-0.000793651,18.43815697
LM19,1,6,0,0,0,18.43815697
LM19,2,1,0,0.000733287,-0.000733287,18.43815697
LM19,2,2,0.024171988,0.007009305,0.017162683,18.43815697
LM19,2,3,0,2.36E-05,-2.36E-05,18.43815697
LM19,2,4,0.017402496,0.007174713,0.010227783,18.43815697
LM19,2,5,0,0.00072344,-0.00072344,18.43815697
LM19,2,6,0,0,0,18.43815697
LM19,4,1,0,0.001131601,-0.001131601,18.43815697
LM19,4,2,0,0.00024269,-0.00024269,18.43815697
LM19,4,3,0.005876771,0.005935057,-5.83E-05,18.43815697
LM19,4,4,0,0.001238176,-0.001238176,18.43815697
LM19,4,5,0,0.003299507,-0.003299507,18.43815697
LM19,4,6,0,0.000452334,-0.000452334,18.43815697
LM20,1,1,0,0,0,22.81522137
LM20,1,2,0,0,0,22.81522137
LM20,1,3,0.064102564,0.017704116,0.046398448,22.81522137
LM20,1,4,0.05952381,0.017704116,0.041819693,22.81522137
LM20,1,5,0.020833333,0.017704116,0.003129217,22.81522137
LM20,1,6,0,0,0,22.81522137
LM20,2,1,0,0,0,22.81522137
LM20,2,2,0,0,0,22.81522137
LM20,2,3,0,0,0,22.81522137
LM20,2,4,0.000809794,0.000602141,0.000207653,22.81522137
LM20,2,5,0,0.000436369,-0.000436369,22.81522137
LM20,2,6,0,0,0,22.81522137
LM20,4,1,0.005801948,0.001769594,0.004032354,22.81522137
LM20,4,2,0,0.004417651,-0.004417651,22.81522137
LM20,4,3,0,0.011784484,-0.011784484,22.81522137
LM20,4,4,0,0.012309965,-0.012309965,22.81522137
LM20,4,5,0.001359213,0.002743258,-0.001384045,22.81522137
LM20,4,6,0.001011832,0.00306483,-0.002052998,22.81522137
LM21,1,1,0,0,0,17.80478393
LM21,1,2,0,0,0,17.80478393
LM21,1,3,0,0,0,17.80478393
LM21,1,4,0,0,0,17.80478393
LM21,1,5,0,0,0,17.80478393
LM21,1,6,0,0,0,17.80478393
LM21,2,1,0,0,0,17.80478393
LM21,2,2,0,0,0,17.80478393
LM21,2,3,0,0,0,17.80478393
LM21,2,4,0,0,0,17.80478393
LM21,2,5,0,0,0,17.80478393
LM21,2,6,0,0,0,17.80478393
LM21,4,1,0.025052619,0.019505253,0.005547366,17.80478393
LM21,4,2,0,0,0,17.80478393
LM21,4,3,0,0.002916561,-0.002916561,17.80478393
LM21,4,4,0.002169305,0.003377918,-0.001208613,17.80478393
LM21,4,5,0.015872719,0.008238697,0.007634022,17.80478393
LM21,4,6,0.000769638,0.000671124,9.85E-05,17.80478393
LM22,1,1,0,0.003819444,-0.003819444,18.9852192
LM22,1,2,0,0.003819444,-0.003819444,18.9852192
LM22,1,3,0,0.003819444,-0.003819444,18.9852192
LM22,1,4,0.023809524,0.013190026,0.010619497,18.9852192
LM22,1,5,0.011111111,0.013190026,-0.002078915,18.9852192
LM22,1,6,0.027777778,0.013190026,0.014587751,18.9852192
LM22,2,1,0.003188795,0.004794873,-0.001606078,18.9852192
LM22,2,2,0.004575656,0.003017651,0.001558005,18.9852192
LM22,2,3,0,0.005109672,-0.005109672,18.9852192
LM22,2,4,0.010587176,0.006982256,0.003604919,18.9852192
LM22,2,5,0.002280109,0.004511205,-0.002231096,18.9852192
LM22,2,6,0.015493821,0.007663647,0.007830175,18.9852192
LM22,4,1,0,6.22E-05,-6.22E-05,18.9852192
LM22,4,2,0,0.000532303,-0.000532303,18.9852192
LM22,4,3,0.002209143,0.00151131,0.000697833,18.9852192
LM22,4,4,0,0.000208403,-0.000208403,18.9852192
LM22,4,5,0.00196009,0.002167673,-0.000207583,18.9852192
LM22,4,6,0.00423607,0.004034883,0.000201187,18.9852192
LM23,1,1,0.046666667,0.010694812,0.035971855,19.85683888
LM23,1,2,0.013333333,0.010694812,0.002638521,19.85683888
LM23,1,3,0.013888889,0.010694812,0.003194077,19.85683888
LM23,1,4,0.016666667,0.010694812,0.005971855,19.85683888
LM23,1,5,0.03968254,0.010694812,0.028987728,19.85683888
LM23,1,6,0.018518519,0.010694812,0.007823707,19.85683888
LM23,2,1,0,0.002790768,-0.002790768,19.85683888
LM23,2,2,0.007953436,0.011629556,-0.00367612,19.85683888
LM23,2,3,0.00594208,0.009532414,-0.003590334,19.85683888
LM23,2,4,0.003082741,0.011500991,-0.00841825,19.85683888
LM23,2,5,0.015212463,0.011260809,0.003951654,19.85683888
LM23,2,6,0,0.006611995,-0.006611995,19.85683888
LM23,4,1,0.002534921,0.003482075,-0.000947154,19.85683888
LM23,4,2,0,0.001637665,-0.001637665,19.85683888
LM23,4,3,0.006545324,0.006720097,-0.000174773,19.85683888
LM23,4,4,0,0.007902219,-0.007902219,19.85683888
LM23,4,5,0.000808552,0.010041842,-0.009233291,19.85683888
LM23,4,6,0.002157909,0.003505778,-0.001347869,19.85683888
LM24,1,1,0.022727273,0.023320799,-0.000593526,5.65374795
LM24,1,2,0.02173913,0.023320799,-0.001581669,5.65374795
LM24,1,3,0.012820513,0.023320799,-0.010500286,5.65374795
LM24,1,4,0.022222222,0.023320799,-0.001098577,5.65374795
LM24,1,5,0.020833333,0.023320799,-0.002487466,5.65374795
LM24,1,6,0.03030303,0.023320799,0.006982231,5.65374795
LM24,2,1,0.024705954,0.021606097,0.003099857,5.65374795
LM24,2,2,0.046496983,0.023560771,0.022936212,5.65374795
LM24,2,3,0.011351374,0.019854232,-0.008502859,5.65374795
LM24,2,4,0.023137782,0.011565035,0.011572747,5.65374795
LM24,2,5,0.03117056,0.015992292,0.015178268,5.65374795
LM24,2,6,0.020699881,0.00868928,0.012010601,5.65374795
LM24,4,1,0.004393041,0.008892634,-0.004499593,5.65374795
LM24,4,2,0.007919974,0.0174603,-0.009540326,5.65374795
LM24,4,3,0,0.006241747,-0.006241747,5.65374795
LM24,4,4,0.002602545,0.01444122,-0.011838675,5.65374795
LM24,4,5,0.008037232,0.011885876,-0.003848643,5.65374795
LM24,4,6,0.016746746,0.009339125,0.007407621,5.65374795
LM25,1,1,0.053333333,0.026091618,0.027241715,14.34156451
LM25,1,2,0.02,0.026091618,-0.006091618,14.34156451
LM25,1,3,0.04,0.026091618,0.013908382,14.34156451
LM25,1,4,0.013333333,0.026091618,-0.012758285,14.34156451
LM25,1,5,0.02,0.026091618,-0.006091618,14.34156451
LM25,1,6,0.026666667,0.026091618,0.000575049,14.34156451
LM25,2,1,0.020155286,0.019720651,0.000434635,14.34156451
LM25,2,2,0.019297063,0.01258729,0.006709773,14.34156451
LM25,2,3,0.028707249,0.013482334,0.015224915,14.34156451
LM25,2,4,0.011709174,0.022913347,-0.011204173,14.34156451
LM25,2,5,0.006866602,0.013437056,-0.006570454,14.34156451
LM25,2,6,0.012914378,0.016847851,-0.003933473,14.34156451
LM25,4,1,0.002668617,0.002645884,2.27E-05,14.34156451
LM25,4,2,0,0.001189007,-0.001189007,14.34156451
LM25,4,3,0.003775214,0.005910086,-0.002134872,14.34156451
LM25,4,4,0.005451088,0.007111385,-0.001660297,14.34156451
LM25,4,5,0.027108742,0.021715717,0.005393025,14.34156451
LM25,4,6,0.000385751,0.000503243,-0.000117492,14.34156451
LM26,1,1,0.033333333,0.025757229,0.007576105,19.82458788
LM26,1,2,0.03030303,0.025757229,0.004545802,19.82458788
LM26,1,3,0.013333333,0.018421881,-0.005088548,19.82458788
LM26,1,4,0.006666667,0.018421881,-0.011755214,19.82458788
LM26,1,5,0.04,0.018421881,0.021578119,19.82458788
LM26,1,6,0.02,0.018421881,0.001578119,19.82458788
LM26,2,1,0.017250531,0.015357674,0.001892856,19.82458788
LM26,2,2,0.016474839,0.015281699,0.00119314,19.82458788
LM26,2,3,0.007075965,0.01395372,-0.006877755,19.82458788
LM26,2,4,0.005643225,0.021896117,-0.016252892,19.82458788
LM26,2,5,0.021837768,0.015195726,0.006642041,19.82458788
LM26,2,6,0.001027034,0.00119041,-0.000163376,19.82458788
LM26,4,1,0.005037071,0.003519095,0.001517977,19.82458788
LM26,4,2,0.002047585,0.002138073,-9.05E-05,19.82458788
LM26,4,3,0.003530294,0.005112987,-0.001582693,19.82458788
LM26,4,4,0.002409109,0.002874933,-0.000465824,19.82458788
LM26,4,5,0.025647089,0.011744312,0.013902777,19.82458788
LM26,4,6,0.003490554,0.002845896,0.000644658,19.82458788
LM27,1,1,0.02,0.023449859,-0.003449859,18.51562628
LM27,1,2,0.006666667,0.023449859,-0.016783193,18.51562628
LM27,1,3,0.033333333,0.023449859,0.009883474,18.51562628
LM27,1,4,0.02,0.023449859,-0.003449859,18.51562628
LM27,1,5,0.053333333,0.023449859,0.029883474,18.51562628
LM27,1,6,0.012820513,0.023449859,-0.010629347,18.51562628
LM27,2,1,0,0,0,18.51562628
LM27,2,2,0.026026747,0.013078362,0.012948385,18.51562628
LM27,2,3,0.011584727,0.008149807,0.00343492,18.51562628
LM27,2,4,0.008054838,0.021532871,-0.013478032,18.51562628
LM27,2,5,0.014057102,0.016481853,-0.002424751,18.51562628
LM27,2,6,0.014966335,0.008773961,0.006192374,18.51562628
LM27,4,1,0.001673688,0.003532298,-0.00185861,18.51562628
LM27,4,2,0.000653938,0.001826629,-0.001172692,18.51562628
LM27,4,3,0.00302131,0.006906386,-0.003885076,18.51562628
LM27,4,4,0.003332364,0.001961286,0.001371077,18.51562628
LM27,4,5,0.006976918,0.00555355,0.001423368,18.51562628
LM27,4,6,0.003154054,0.003625236,-0.000471182,18.51562628
LM38,1,1,0.033333333,0.017958333,0.015375,6.00799168
LM38,1,2,0.026666667,0.024166667,0.0025,6.00799168
LM38,1,3,0.02,0.024166667,-0.004166667,6.00799168
LM38,1,4,0.013333333,0.024166667,-0.010833333,6.00799168
LM38,1,5,0.02,0.024166667,-0.004166667,6.00799168
LM38,1,6,0.02,0.024166667,-0.004166667,6.00799168
LM38,2,1,0.042110638,0.016961229,0.025149409,6.00799168
LM38,2,2,0.066666667,0.024166667,0.0425,6.00799168
LM38,2,3,0,0.014606519,-0.014606519,6.00799168
LM38,2,4,0.055868343,0.021990397,0.033877946,6.00799168
LM38,2,5,0.022395318,0.021353676,0.001041642,6.00799168
LM38,2,6,0.007875378,0.014274123,-0.006398745,6.00799168
LM38,4,1,0.002319961,0.008451977,-0.006132016,6.00799168
LM38,4,2,0.003887999,0.006159949,-0.00227195,6.00799168
LM38,4,3,0.004940178,0.014020219,-0.009080041,6.00799168
LM38,4,4,0.004758762,0.013474205,-0.008715443,6.00799168
LM38,4,5,0.004727382,0.010551542,-0.00582416,6.00799168
LM38,4,6,0.000671387,0.010058015,-0.009386629,6.00799168
LM39,1,1,0,0,0,17.98310581
LM39,1,2,0,0,0,17.98310581
LM39,1,3,0.046666667,0.029556277,0.01711039,17.98310581
LM39,1,4,0,0,0,17.98310581
LM39,1,5,0,0,0,17.98310581
LM39,1,6,0.031746032,0.029556277,0.002189755,17.98310581
LM39,2,1,0.004291323,0.003805066,0.000486257,17.98310581
LM39,2,2,0.015745733,0.023269262,-0.007523529,17.98310581
LM39,2,3,0,0,0,17.98310581
LM39,2,4,0.01503268,0.013329301,0.001703378,17.98310581
LM39,2,5,0.019295246,0.012220621,0.007074625,17.98310581
LM39,2,6,0.000606028,0.001182188,-0.00057616,17.98310581
LM39,4,1,0.000476168,0.000506655,-3.05E-05,17.98310581
LM39,4,2,0.002114211,0.002343308,-0.000229097,17.98310581
LM39,4,3,0,0,0,17.98310581
LM39,4,4,0.002738225,0.011614983,-0.008876758,17.98310581
LM39,4,5,0.005830723,0.003692881,0.002137841,17.98310581
LM39,4,6,0.001929626,0.002138721,-0.000209095,17.98310581
LM40,1,1,0.066666667,0.03962963,0.027037037,17.78429923
LM40,1,2,0.046666667,0.03962963,0.007037037,17.78429923
LM40,1,3,0.06,0.03962963,0.02037037,17.78429923
LM40,1,4,0.046666667,0.03962963,0.007037037,17.78429923
LM40,1,5,0.02,0.03962963,-0.01962963,17.78429923
LM40,1,6,0.053333333,0.03962963,0.013703704,17.78429923
LM40,2,1,0.013074678,0.01482343,-0.001748752,17.78429923
LM40,2,2,0.039579195,0.02894473,0.010634466,17.78429923
LM40,2,3,0.038816568,0.028842867,0.009973702,17.78429923
LM40,2,4,0.049757741,0.036972766,0.012784975,17.78429923
LM40,2,5,0.018253177,0.028002654,-0.009749477,17.78429923
LM40,2,6,0.005694802,0.016926219,-0.011231416,17.78429923
LM40,4,1,0.001796497,0.002135835,-0.000339338,17.78429923
LM40,4,2,0.010837205,0.008280205,0.002557,17.78429923
LM40,4,3,0.002083216,0.002824071,-0.000740856,17.78429923
LM40,4,4,0,0.008580685,-0.008580685,17.78429923
LM40,4,5,0.013726116,0.017224942,-0.003498826,17.78429923
LM40,4,6,0.001886549,0.003241707,-0.001355157,17.78429923
LM41,1,1,0,0.000952381,-0.000952381,24.53937724
LM41,1,2,0,0.000952381,-0.000952381,24.53937724
LM41,1,3,0,0.002222222,-0.002222222,24.53937724
LM41,1,4,0.013333333,0.000952381,0.012380952,24.53937724
LM41,1,5,0,0,0,24.53937724
LM41,1,6,0,0.000952381,-0.000952381,24.53937724
LM41,2,1,0,0.001602643,-0.001602643,24.53937724
LM41,2,2,0.004342321,0.00177949,0.002562832,24.53937724
LM41,2,3,0,0.001026886,-0.001026886,24.53937724
LM41,2,4,0,0.000729167,-0.000729167,24.53937724
LM41,2,5,0.002423328,0.001413967,0.001009361,24.53937724
LM41,2,6,0,0.001683373,-0.001683373,24.53937724
LM41,4,1,0.000498551,0.004304513,-0.003805963,24.53937724
LM41,4,2,0,0.004212728,-0.004212728,24.53937724
LM41,4,3,0.006432623,0.007580138,-0.001147515,24.53937724
LM41,4,4,0.001421536,0.002036368,-0.000614832,24.53937724
LM41,4,5,0.005001342,0.003670453,0.001330889,24.53937724
LM41,4,6,0.007872442,0.00446631,0.003406132,24.53937724
LM42,1,1,0,0,0,20.58452986
LM42,1,2,0,0,0,20.58452986
LM42,1,3,0,0,0,20.58452986
LM42,1,4,0,0,0,20.58452986
LM42,1,5,0,0,0,20.58452986
LM42,1,6,0,0,0,20.58452986
LM42,2,1,0,0,0,20.58452986
LM42,2,2,0,0,0,20.58452986
LM42,2,3,0,0,0,20.58452986
LM42,2,4,0,0,0,20.58452986
LM42,2,5,0,0,0,20.58452986
LM42,2,6,0,0,0,20.58452986
LM42,4,1,0,0.005963403,-0.005963403,20.58452986
LM42,4,2,0,0.016299617,-0.016299617,20.58452986
LM42,4,3,0.233363292,0.038893882,0.19446941,20.58452986
LM42,4,4,0,0.014364158,-0.014364158,20.58452986
LM42,4,5,0,0.00632973,-0.00632973,20.58452986
LM42,4,6,0,0.000235534,-0.000235534,20.58452986
LM43,1,1,0,0.025,-0.025,26.02355974
LM43,1,2,0,0.025,-0.025,26.02355974
LM43,1,3,0.013333333,0.025,-0.011666667,26.02355974
LM43,1,4,0.02,0.025,-0.005,26.02355974
LM43,1,5,0.04,0.025,0.015,26.02355974
LM43,1,6,0.026666667,0.043333333,-0.016666667,26.02355974
LM43,2,1,0.012702322,0.023816854,-0.011114532,26.02355974
LM43,2,2,0.049494324,0.020622635,0.028871689,26.02355974
LM43,2,3,0.023972758,0.022474461,0.001498297,26.02355974
LM43,2,4,0.044606905,0.020909487,0.023697418,26.02355974
LM43,2,5,0.012055192,0.011301743,0.00075345,26.02355974
LM43,2,6,0.025451519,0.023860799,0.00159072,26.02355974
LM43,4,1,0.051978794,0.03754024,0.014438554,26.02355974
LM43,4,2,0.016042356,0.006684315,0.009358041,26.02355974
LM43,4,3,0.010988686,0.020603786,-0.0096151,26.02355974
LM43,4,4,0.003119218,0.003899023,-0.000779805,26.02355974
LM43,4,5,0.006214925,0.011652985,-0.00543806,26.02355974
LM43,4,6,0.00679943,0.012748932,-0.005949501,26.02355974
LM44,1,1,0,0.059259259,-0.059259259,13.76746303
LM44,1,2,0,0,0,13.76746303
LM44,1,3,0,0.002222222,-0.002222222,13.76746303
LM44,1,4,0.181818182,0.174242424,0.007575758,13.76746303
LM44,1,5,0,0.059259259,-0.059259259,13.76746303
LM44,1,6,0.177777778,0.059259259,0.118518519,13.76746303
LM44,2,1,0.003090794,0.001810116,0.001280678,13.76746303
LM44,2,2,0.007000149,0.001166691,0.005833457,13.76746303
LM44,2,3,0,0,0,13.76746303
LM44,2,4,0,0,0,13.76746303
LM44,4,1,0,0,0,13.76746303
LM44,4,2,0,0.000599361,-0.000599361,13.76746303
LM44,4,3,0,0.000852465,-0.000852465,13.76746303
LM44,4,4,0.055536342,0.05811352,-0.002577178,13.76746303
LM44,4,5,0,0.000444731,-0.000444731,13.76746303
LM44,4,6,0,0.000262176,-0.000262176,13.76746303
LM46,1,1,0.211538462,0.123574204,0.087964258,23.00969664
LM46,1,2,0.113333333,0.07308642,0.040246914,23.00969664
LM46,1,3,0.193333333,0.123574204,0.06975913,23.00969664
LM46,1,4,0.126666667,0.134761905,-0.008095238,23.00969664
LM46,1,5,0.142857143,0.134761905,0.008095238,23.00969664
LM46,1,6,0.173333333,0.123574204,0.04975913,23.00969664
LM46,2,1,0,0,0,23.00969664
LM46,2,2,0,0,0,23.00969664
LM46,2,3,0,0,0,23.00969664
LM46,2,4,0.037115327,0.098282079,-0.061166751,23.00969664
LM46,2,5,0.08287196,0.090360322,-0.007488362,23.00969664
LM46,2,6,0.021721896,0.032211192,-0.010489296,23.00969664
LM46,4,1,0.057356935,0.081782741,-0.024425806,23.00969664
LM46,4,2,0.061632688,0.083481169,-0.021848481,23.00969664
LM46,4,3,0.048557209,0.050159495,-0.001602286,23.00969664
LM46,4,4,0.067894593,0.096857757,-0.028963164,23.00969664
LM46,4,5,0.050431583,0.041404097,0.009027486,23.00969664
LM46,4,6,0.004872521,0.006837771,-0.00196525,23.00969664
LM47,1,1,0,0.002222222,-0.002222222,21.21447788
LM47,1,2,0,0.002222222,-0.002222222,21.21447788
LM47,1,3,0.076923077,0.135384615,-0.058461538,21.21447788
LM47,1,4,0,0.002222222,-0.002222222,21.21447788
LM47,1,5,0.206666667,0.135384615,0.071282051,21.21447788
LM47,1,6,0.12,0.135384615,-0.015384615,21.21447788
LM47,2,1,0.08263089,0.093841631,-0.011210741,21.21447788
LM47,2,2,0.094972392,0.085150685,0.009821706,21.21447788
LM47,2,3,0.028533802,0.018917819,0.009615983,21.21447788
LM47,2,4,0,0,0,21.21447788
LM47,2,5,0.027081942,0.031956691,-0.004874749,21.21447788
LM47,2,6,0.063760491,0.038565702,0.025194789,21.21447788
LM47,4,1,0.059384161,0.053867906,0.005516255,21.21447788
LM47,4,2,0.067735871,0.061288211,0.006447661,21.21447788
LM47,4,3,0.038146265,0.079642683,-0.041496419,21.21447788
LM47,4,4,0.101431773,0.060303753,0.04112802,21.21447788
LM47,4,5,0.075285303,0.084245025,-0.008959722,21.21447788
LM47,4,6,0.058469581,0.043012019,0.015457562,21.21447788
LM48,1,1,0.006666667,0.00125,0.005416667,19.08041057
LM48,1,2,0,0.00125,-0.00125,19.08041057
LM48,1,3,0,0.00125,-0.00125,19.08041057
LM48,1,4,0.013333333,0.00125,0.012083333,19.08041057
LM48,1,5,0,0.00125,-0.00125,19.08041057
LM48,1,6,0,0.00125,-0.00125,19.08041057
LM48,2,1,0,0,0,19.08041057
LM48,2,2,0,0,0,19.08041057
LM48,2,3,0,0.000918047,-0.000918047,19.08041057
LM48,2,4,0,0.000887904,-0.000887904,19.08041057
LM48,2,5,0,0.00015806,-0.00015806,19.08041057
LM48,2,6,0,0.000371291,-0.000371291,19.08041057
LM48,4,1,0.002599713,0.004387554,-0.001787841,19.08041057
LM48,4,2,0,0.003493465,-0.003493465,19.08041057
LM48,4,3,0.015944006,0.005747966,0.010196041,19.08041057
LM48,4,4,0.002623551,0.002438312,0.000185239,19.08041057
LM48,4,5,0.011940848,0.012872067,-0.000931219,19.08041057
LM48,4,6,0.021457144,0.016311819,0.005145325,19.08041057
LM51,1,1,0.013333333,0.013333333,-8.67E-18,26.94965661
LM51,1,2,0.033333333,0.044444444,-0.011111111,26.94965661
LM51,1,3,0.02,0.017037037,0.002962963,26.94965661
LM51,1,4,0.006666667,0.017037037,-0.01037037,26.94965661
LM51,1,5,0,0.017037037,-0.017037037,26.94965661
LM51,1,6,0.033333333,0.033333333,3.47E-17,26.94965661
LM51,2,1,0,0.007934221,-0.007934221,26.94965661
LM51,2,2,0.004668054,0.006600773,-0.001932719,26.94965661
LM51,2,3,0.005357291,0.004777996,0.000579295,26.94965661
LM51,2,4,0.009489861,0.00493605,0.00455381,26.94965661
LM51,2,5,0.000934883,0.003745254,-0.002810371,26.94965661
LM51,2,6,0.028554107,0.004085433,0.024468674,26.94965661
LM51,4,1,0.002738865,0.011823348,-0.009084483,26.94965661
LM51,4,2,0.002451165,0.004584829,-0.002133664,26.94965661
LM51,4,3,0.001449475,0.005647163,-0.004197688,26.94965661
LM51,4,4,0,0.00935666,-0.00935666,26.94965661
LM51,4,5,0.005669706,0.005855149,-0.000185443,26.94965661
LM51,4,6,0.004447211,0.007857168,-0.003409957,26.94965661
NM10,1,1,0,0,0,21.74598902
NM10,1,2,0,0,0,21.74598902
NM10,1,3,0,0.002314815,-0.002314815,21.74598902
NM10,1,4,0,0.002314815,-0.002314815,21.74598902
NM10,1,5,0,0.002314815,-0.002314815,21.74598902
NM10,1,6,0,0.002314815,-0.002314815,21.74598902
NM10,2,1,0,0,0,21.74598902
NM10,2,2,0,0,0,21.74598902
NM10,2,3,0,0.000489718,-0.000489718,21.74598902
NM10,2,4,0,0,0,21.74598902
NM10,2,5,0,0.001819044,-0.001819044,21.74598902
NM10,2,6,0,0.000997478,-0.000997478,21.74598902
NM10,4,1,0,0.00085273,-0.00085273,21.74598902
NM10,4,2,0,0.000517735,-0.000517735,21.74598902
NM10,4,3,0,0.000458553,-0.000458553,21.74598902
NM10,4,4,0,0.001092513,-0.001092513,21.74598902
NM10,4,5,0,0,0,21.74598902
NM10,4,6,0.008745982,0.000728832,0.00801715,21.74598902
NM11,1,1,0,0,0,19.7756853
NM11,1,2,0,0,0,19.7756853
NM11,1,3,0,0,0,19.7756853
NM11,1,4,0,0,0,19.7756853
NM11,1,5,0,0,0,19.7756853
NM11,1,6,0,0,0,19.7756853
NM11,2,1,0,0,0,19.7756853
NM11,2,2,0,0,0,19.7756853
NM11,2,3,0,0,0,19.7756853
NM11,2,4,0,0,0,19.7756853
NM11,2,5,0,0,0,19.7756853
NM11,2,6,0,0,0,19.7756853
NM11,4,1,0,0,0,19.7756853
NM11,4,2,0,0,0,19.7756853
NM11,4,3,0,0,0,19.7756853
NM11,4,4,0,0,0,19.7756853
NM11,4,5,0,0,0,19.7756853
NM11,4,6,0,0,0,19.7756853
NM12,1,1,0,0,0,22.54335106
NM12,1,2,0,0,0,22.54335106
NM12,1,3,0,0,0,22.54335106
NM12,1,4,0,0,0,22.54335106
NM12,1,5,0,0,0,22.54335106
NM12,1,6,0,0,0,22.54335106
NM12,2,1,0,0,0,22.54335106
NM12,2,2,0,0,0,22.54335106
NM12,2,3,0,0,0,22.54335106
NM12,2,4,0,0,0,22.54335106
NM12,2,5,0,0,0,22.54335106
NM12,2,6,0,0,0,22.54335106
NM12,4,1,0,0,0,22.54335106
NM12,4,2,0,0,0,22.54335106
NM12,4,3,0,0,0,22.54335106
NM12,4,4,0,0,0,22.54335106
NM12,4,5,0,0,0,22.54335106
NM12,4,6,0,0,0,22.54335106
NM13,1,1,0,0,0,25.47230839
NM13,1,2,0,0,0,25.47230839
NM13,1,3,0,0,0,25.47230839
NM13,1,4,0,0,0,25.47230839
NM13,1,5,0,0,0,25.47230839
NM13,1,6,0,0,0,25.47230839
NM13,2,1,0,0,0,25.47230839
NM13,2,2,0,0,0,25.47230839
NM13,2,3,0,0,0,25.47230839
NM13,2,4,0,0,0,25.47230839
NM13,2,5,0,0,0,25.47230839
NM13,2,6,0,0,0,25.47230839
NM13,4,1,0,0,0,25.47230839
NM13,4,2,0,0,0,25.47230839
NM13,4,3,0,0,0,25.47230839
NM13,4,4,0,0,0,25.47230839
NM13,4,5,0,0,0,25.47230839
NM13,4,6,0,0,0,25.47230839
NM14,1,1,0,0,0,24.32217896
NM14,1,2,0,0,0,24.32217896
NM14,1,3,0,0,0,24.32217896
NM14,1,4,0,0,0,24.32217896
NM14,1,5,0,0,0,24.32217896
NM14,1,6,0,0,0,24.32217896
NM14,2,1,0,0,0,24.32217896
NM14,2,2,0,0,0,24.32217896
NM14,2,3,0,0,0,24.32217896
NM14,2,4,0,0,0,24.32217896
NM14,2,5,0,0,0,24.32217896
NM14,2,6,0,0,0,24.32217896
NM14,4,1,0,0,0,24.32217896
NM14,4,2,0,0,0,24.32217896
NM14,4,3,0,0,0,24.32217896
NM14,4,4,0,0,0,24.32217896
NM14,4,5,0,0,0,24.32217896
NM14,4,6,0,0,0,24.32217896
NM17,1,1,0,0,0,21.63710824
NM17,1,2,0,0,0,21.63710824
NM17,1,3,0,0,0,21.63710824
NM17,1,4,0,0,0,21.63710824
NM17,1,5,0.083333333,0.083333333,6.94E-17,21.63710824
NM17,1,6,0.04,0.013333333,0.026666667,21.63710824
NM17,2,1,0.004852753,0.002264618,0.002588135,21.63710824
NM17,2,2,0.000108929,8.47E-05,2.42E-05,21.63710824
NM17,2,3,0.003400365,0.002380255,0.001020109,21.63710824
NM17,2,4,0,0.006637496,-0.006637496,21.63710824
NM17,2,5,0,0,0,21.63710824
NM17,2,6,0,0,0,21.63710824
NM17,4,1,0.001286008,0.000600137,0.000685871,21.63710824
NM17,4,2,0,0.008671719,-0.008671719,21.63710824
NM17,4,3,0.000124517,6.23E-05,6.23E-05,21.63710824
NM17,4,4,0,0.001451718,-0.001451718,21.63710824
NM17,4,5,0,0.001241061,-0.001241061,21.63710824
NM17,4,6,0,0,0,21.63710824
NM20,1,1,0,0,0,19.22360793
NM20,1,2,0,0,0,19.22360793
NM20,1,3,0,0,0,19.22360793
NM20,1,4,0,0,0,19.22360793
NM20,1,5,0,0,0,19.22360793
NM20,1,6,0,0,0,19.22360793
NM20,2,1,0,0,0,19.22360793
NM20,2,2,0,0,0,19.22360793
NM20,2,3,0,0,0,19.22360793
NM20,2,4,0,0,0,19.22360793
NM20,2,5,0,0,0,19.22360793
NM20,2,6,0,0,0,19.22360793
NM20,4,1,0,0,0,19.22360793
NM20,4,2,0,0,0,19.22360793
NM20,4,3,0,0,0,19.22360793
NM20,4,4,0,0,0,19.22360793
NM20,4,5,0,0,0,19.22360793
NM20,4,6,0,0,0,19.22360793
NM21,1,1,0,0,0,28.14179547
NM21,1,2,0,0,0,28.14179547
NM21,1,3,0,0,0,28.14179547
NM21,1,4,0,0,0,28.14179547
NM21,1,5,0,0,0,28.14179547
NM21,1,6,0,0,0,28.14179547
NM21,2,1,0,0,0,28.14179547
NM21,2,2,0,0,0,28.14179547
NM21,2,3,0,0,0,28.14179547
NM21,2,4,0,0,0,28.14179547
NM21,2,5,0,0,0,28.14179547
NM21,2,6,0,0,0,28.14179547
NM21,4,1,0,0,0,28.14179547
NM21,4,2,0,0,0,28.14179547
NM21,4,3,0,0,0,28.14179547
NM21,4,4,0,0,0,28.14179547
NM21,4,5,0,0,0,28.14179547
NM21,4,6,0,0,0,28.14179547
NM23,1,1,0,0.003333333,-0.003333333,36.20965233
NM23,1,2,0,0,0,36.20965233
NM23,1,3,0,0,0,36.20965233
NM23,1,4,0,0,0,36.20965233
NM23,1,5,0,0.001481481,-0.001481481,36.20965233
NM23,1,6,0.013333333,0.003333333,0.01,36.20965233
NM23,2,1,0.003584379,0.001979312,0.001605067,36.20965233
NM23,2,2,0,0.001267955,-0.001267955,36.20965233
NM23,2,3,0,0,0,36.20965233
NM23,2,4,0,0.000182523,-0.000182523,36.20965233
NM23,2,5,0,0,0,36.20965233
NM23,2,6,0,0,0,36.20965233
NM23,4,1,0,0.001809127,-0.001809127,36.20965233
NM23,4,2,0,0.002439782,-0.002439782,36.20965233
NM23,4,3,0.009432408,0.001605473,0.007826935,36.20965233
NM23,4,4,0,0.001174684,-0.001174684,36.20965233
NM23,4,5,0,0.000144202,-0.000144202,36.20965233
NM23,4,6,0,0.002153965,-0.002153965,36.20965233
NM3,1,1,0,0,0,25.12648506
NM3,1,2,0.026666667,0.006666667,0.02,25.12648506
NM3,1,3,0.013333333,0.00962963,0.003703704,25.12648506
NM3,1,4,0,0.00962963,-0.00962963,25.12648506
NM3,1,5,0,0,0,25.12648506
NM3,1,6,0.026666667,0.026666667,-1.21E-16,25.12648506
NM3,2,1,0.006899225,0.003986219,0.002913006,25.12648506
NM3,2,2,0.015495592,0.002575246,0.012920346,25.12648506
NM3,2,3,0,5.28E-05,-5.28E-05,25.12648506
NM3,2,4,0,0.000931108,-0.000931108,25.12648506
NM3,2,5,0,0,0,25.12648506
NM3,2,6,0,0.003375278,-0.003375278,25.12648506
NM3,4,1,0,0.000130525,-0.000130525,25.12648506
NM3,4,2,0.00081723,0.000739399,7.78E-05,25.12648506
NM3,4,3,0,0.003392992,-0.003392992,25.12648506
NM3,4,4,0,0.002210438,-0.002210438,25.12648506
NM3,4,5,0,0.000765686,-0.000765686,25.12648506
NM3,4,6,0,0.000855852,-0.000855852,25.12648506
NM33,1,1,0,0,0,21.52173352
NM33,1,2,0,0,0,21.52173352
NM33,1,3,0,0,0,21.52173352
NM33,1,4,0,0,0,21.52173352
NM33,1,5,0,0,0,21.52173352
NM33,1,6,0,0,0,21.52173352
NM33,2,1,0,0,0,21.52173352
NM33,2,2,0,0,0,21.52173352
NM33,2,3,0,0,0,21.52173352
NM33,2,4,0,0,0,21.52173352
NM33,2,5,0,0,0,21.52173352
NM33,2,6,0,0,0,21.52173352
NM33,4,1,0,0,0,21.52173352
NM33,4,2,0,0,0,21.52173352
NM33,4,3,0,0,0,21.52173352
NM33,4,4,0,0,0,21.52173352
NM33,4,5,0,0,0,21.52173352
NM33,4,6,0,0,0,21.52173352
NM34,1,1,0,0,0,26.8370785
NM34,1,2,0,0,0,26.8370785
NM34,1,3,0,0,0,26.8370785
NM34,1,4,0,0,0,26.8370785
NM34,1,5,0,0,0,26.8370785
NM34,1,6,0,0,0,26.8370785
NM34,2,1,0,0,0,26.8370785
NM34,2,2,0,0,0,26.8370785
NM34,2,3,0,0,0,26.8370785
NM34,2,4,0,0,0,26.8370785
NM34,2,5,0,0,0,26.8370785
NM34,2,6,0,0,0,26.8370785
NM34,4,1,0,0,0,26.8370785
NM34,4,2,0,0,0,26.8370785
NM34,4,3,0,0,0,26.8370785
NM34,4,4,0,0,0,26.8370785
NM34,4,5,0,0,0,26.8370785
NM34,4,6,0,0,0,26.8370785
NM75,1,1,0.033333333,0.047070707,-0.013737374,27.66009734
NM75,1,2,0.066666667,0.047070707,0.01959596,27.66009734
NM75,1,3,0.106666667,0.047070707,0.05959596,27.66009734
NM75,1,4,0.026666667,0.047070707,-0.02040404,27.66009734
NM75,1,5,0.153333333,0.047070707,0.106262626,27.66009734
NM75,1,6,0.013333333,0.047070707,-0.033737374,27.66009734
NM75,2,1,0.01324256,0.046750248,-0.033507688,27.66009734
NM75,2,2,0,0,0,27.66009734
NM75,2,3,0,0,0,27.66009734
NM75,2,4,0.036898211,0.03907856,-0.002180349,27.66009734
NM75,2,5,0.044075751,0.04445736,-0.000381608,27.66009734
NM75,2,6,0.012716253,0.044892228,-0.032175975,27.66009734
NM75,4,1,0,0,0,27.66009734
NM75,4,2,0,0.001551335,-0.001551335,27.66009734
NM75,4,3,0,0,0,27.66009734
NM75,4,4,0,0,0,27.66009734
NM75,4,5,0,0,0,27.66009734
NM75,4,6,0,0,0,27.66009734
NM79,1,1,0,0,0,20.8922971
NM79,1,2,0,0,0,20.8922971
NM79,1,3,0,0,0,20.8922971
NM79,1,4,0,0,0,20.8922971
NM79,1,5,0,0,0,20.8922971
NM79,1,6,0,0,0,20.8922971
NM79,2,1,0,0,0,20.8922971
NM79,2,2,0,0,0,20.8922971
NM79,2,3,0,0,0,20.8922971
NM79,2,4,0,0,0,20.8922971
NM79,2,5,0,0,0,20.8922971
NM79,2,6,0,0,0,20.8922971
NM79,4,1,0,0,0,20.8922971
NM79,4,2,0,0,0,20.8922971
NM79,4,3,0,0,0,20.8922971
NM79,4,4,0,0,0,20.8922971
NM79,4,5,0,0,0,20.8922971
NM79,4,6,0,0,0,20.8922971
NM80,1,1,0,0,0,24.3248101
NM80,1,2,0,0,0,24.3248101
NM80,1,3,0,0,0,24.3248101
NM80,1,4,0,0,0,24.3248101
NM80,1,5,0,0,0,24.3248101
NM80,1,6,0,0,0,24.3248101
NM80,2,1,0,0,0,24.3248101
NM80,2,2,0,0,0,24.3248101
NM80,2,3,0,0,0,24.3248101
NM80,2,4,0,0,0,24.3248101
NM80,2,5,0,0,0,24.3248101
NM80,2,6,0,0,0,24.3248101
NM80,4,1,0,0,0,24.3248101
NM80,4,2,0,0,0,24.3248101
NM80,4,3,0,0,0,24.3248101
NM80,4,4,0,0,0,24.3248101
NM80,4,5,0,0,0,24.3248101
NM80,4,6,0,0,0,24.3248101
NM81,1,1,0.006666667,0.001666667,0.005,22.55627949
NM81,1,2,0,0,0,22.55627949
NM81,1,3,0,0,0,22.55627949
NM81,1,4,0,0,0,22.55627949
NM81,1,5,0,0,0,22.55627949
NM81,1,6,0,0,0,22.55627949
NM81,2,1,0,0,0,22.55627949
NM81,2,2,0,0,0,22.55627949
NM81,2,3,0,0,0,22.55627949
NM81,2,4,0,0,0,22.55627949
NM81,2,5,0,0,0,22.55627949
NM81,2,6,0,0,0,22.55627949
NM81,4,1,0,0,0,22.55627949
NM81,4,2,0,0,0,22.55627949
NM81,4,3,0,0.000329575,-0.000329575,22.55627949
NM81,4,4,0,0.000498244,-0.000498244,22.55627949
NM81,4,5,0,0.000662644,-0.000662644,22.55627949
NM81,4,6,0,0,0,22.55627949
NM84,1,1,0,0,0,24.28591916
NM84,1,2,0,0,0,24.28591916
NM84,1,3,0,0,0,24.28591916
NM84,1,4,0,0,0,24.28591916
NM84,1,5,0,0,0,24.28591916
NM84,1,6,0,0,0,24.28591916
NM84,2,1,0,0,0,24.28591916
NM84,2,2,0,0,0,24.28591916
NM84,2,3,0,0,0,24.28591916
NM84,2,4,0,0,0,24.28591916
NM84,2,5,0,0,0,24.28591916
NM84,2,6,0,0,0,24.28591916
NM84,4,1,0,0,0,24.28591916
NM84,4,2,0,0,0,24.28591916
NM84,4,3,0,0,0,24.28591916
NM84,4,4,0,0,0,24.28591916
NM84,4,5,0,0,0,24.28591916
NM84,4,6,0,0,0,24.28591916
NM86,1,1,0,0,0,22.19564675
NM86,1,2,0.006666667,0.000555556,0.006111111,22.19564675
NM86,1,3,0,0.000555556,-0.000555556,22.19564675
NM86,1,4,0,0,0,22.19564675
NM86,1,5,0,0,0,22.19564675
NM86,1,6,0,0.000555556,-0.000555556,22.19564675
NM86,2,1,0,0.00020152,-0.00020152,22.19564675
NM86,2,2,0,0.000180545,-0.000180545,22.19564675
NM86,2,3,0,0.000188805,-0.000188805,22.19564675
NM86,2,4,0,0.000247847,-0.000247847,22.19564675
NM86,2,5,0,0.000375073,-0.000375073,22.19564675
NM86,2,6,0,0,0,22.19564675
NM86,4,1,0,4.13E-05,-4.13E-05,22.19564675
NM86,4,2,0,0.000113491,-0.000113491,22.19564675
NM86,4,3,0,2.26E-05,-2.26E-05,22.19564675
NM86,4,4,0,0,0,22.19564675
NM86,4,5,0,0,0,22.19564675
NM86,4,6,0,0.000102579,-0.000102579,22.19564675
NM87,1,1,0,0,0,34.74331048
NM87,1,2,0,0,0,34.74331048
NM87,1,3,0.0625,0.020833333,0.041666667,34.74331048
NM87,1,4,0,0,0,34.74331048
NM87,1,5,0,0,0,34.74331048
NM87,1,6,0,0,0,34.74331048
NM87,2,1,0,0,0,34.74331048
NM87,2,2,0,0,0,34.74331048
NM87,2,3,0,0,0,34.74331048
NM87,2,4,0,0,0,34.74331048
NM87,2,5,0,0,0,34.74331048
NM87,2,6,0,0,0,34.74331048
NM87,4,1,0,0,0,34.74331048
NM87,4,2,0,0,0,34.74331048
NM87,4,3,0,0,0,34.74331048
NM87,4,4,0,0.001115366,-0.001115366,34.74331048
NM87,4,5,0,0.004670878,-0.004670878,34.74331048
NM87,4,6,0,0,0,34.74331048
NM9,1,1,0,0,0,21.58613126
NM9,1,2,0,0,0,21.58613126
NM9,1,3,0,0,0,21.58613126
NM9,1,4,0,0.001025641,-0.001025641,21.58613126
NM9,1,5,0,0.001025641,-0.001025641,21.58613126
NM9,1,6,0,0,0,21.58613126
NM9,2,1,0,0.000790103,-0.000790103,21.58613126
NM9,2,2,0,0.000785263,-0.000785263,21.58613126
NM9,2,3,0,0.00030077,-0.00030077,21.58613126
NM9,2,4,0,0,0,21.58613126
NM9,2,5,0,0.000496696,-0.000496696,21.58613126
NM9,2,6,0.010353032,0.000796387,0.009556645,21.58613126
NM9,4,1,0,0.000125842,-0.000125842,21.58613126
NM9,4,2,0,0.000696749,-0.000696749,21.58613126
NM9,4,3,0,0.000747501,-0.000747501,21.58613126
NM9,4,4,0,0.000535037,-0.000535037,21.58613126
NM9,4,5,0,0.000114346,-0.000114346,21.58613126
NM9,4,6,0,0.000153439,-0.000153439,21.58613126
NM96,1,1,0,0,0,25.57634388
NM96,1,2,0,0,0,25.57634388
NM96,1,3,0,0,0,25.57634388
NM96,1,4,0,0,0,25.57634388
NM96,1,5,0,0,0,25.57634388
NM96,1,6,0,0,0,25.57634388
NM96,2,1,0,0,0,25.57634388
NM96,2,2,0,0,0,25.57634388
NM96,2,3,0,0,0,25.57634388
NM96,2,4,0,0,0,25.57634388
NM96,2,5,0,0,0,25.57634388
NM96,2,6,0,0,0,25.57634388
NM96,4,1,0,0,0,25.57634388
NM96,4,2,0,0,0,25.57634388
NM96,4,3,0,0,0,25.57634388
NM96,4,4,0,0,0,25.57634388
NM96,4,5,0,0,0,25.57634388
NM96,4,6,0,0,0,25.57634388
S1,1,1,0.06,0.047435897,0.012564103,17.36694682
S1,1,2,0.033333333,0.047435897,-0.014102564,17.36694682
S1,1,3,0.025641026,0.047435897,-0.021794872,17.36694682
S1,1,4,0.02,0.047435897,-0.027435897,17.36694682
S1,1,5,0.026666667,0.047435897,-0.020769231,17.36694682
S1,1,6,0.006666667,0.015384615,-0.008717949,17.36694682
S1,2,1,0.013294604,0.031317156,-0.018022552,17.36694682
S1,2,2,0.045663921,0.038217853,0.007446067,17.36694682
S1,2,3,0.065091022,0.037196215,0.027894807,17.36694682
S1,2,4,0.037122177,0.032140241,0.004981936,17.36694682
S1,2,5,0.068196639,0.034694166,0.033502473,17.36694682
S1,2,6,0.01527115,0.02470104,-0.00942989,17.36694682
S1,4,1,0.041690204,0.02802289,0.013667314,17.36694682
S1,4,2,0.065800812,0.030675431,0.035125381,17.36694682
S1,4,3,0.028470876,0.028220732,0.000250144,17.36694682
S1,4,4,0,0.009151754,-0.009151754,17.36694682
S1,4,5,0,0.03569967,-0.03569967,17.36694682
S1,4,6,0.017042536,0.020021829,-0.002979293,17.36694682
S33,1,1,0.013333333,0.014104683,-0.00077135,21.9285594
S33,1,2,0.046666667,0.014104683,0.032561983,21.9285594
S33,1,3,0.033333333,0.020280247,0.013053086,21.9285594
S33,1,4,0.006666667,0.014104683,-0.007438017,21.9285594
S33,1,5,0.046666667,0.046666667,1.39E-17,21.9285594
S33,1,6,0,0,0,21.9285594
S33,2,1,0.024192965,0.012796279,0.011396686,21.9285594
S33,2,2,0.00602935,0.003189078,0.002840272,21.9285594
S33,2,3,0.00538296,0.011388742,-0.006005782,21.9285594
S33,2,4,0.002247576,0.002377601,-0.000130025,21.9285594
S33,2,5,0.005085689,0.004734314,0.000351375,21.9285594
S33,2,6,0.005315817,0.016170913,-0.010855096,21.9285594
S33,4,1,0.000520061,0.000260031,0.000260031,21.9285594
S33,4,2,0.002186847,0.012470058,-0.010283211,21.9285594
S33,4,3,0,0.006434859,-0.006434859,21.9285594
S33,4,4,0.000622107,0.001694472,-0.001072365,21.9285594
S33,4,5,0.005419912,0.003033714,0.002386199,21.9285594
S33,4,6,0.013623597,0.005920498,0.007703099,21.9285594
S34,1,1,0.04,0.043086927,-0.003086927,18.92380234
S34,1,2,0.06,0.043086927,0.016913073,18.92380234
S34,1,3,0.026666667,0.043086927,-0.016420261,18.92380234
S34,1,4,0.006666667,0.043086927,-0.036420261,18.92380234
S34,1,5,0.073333333,0.043086927,0.030246406,18.92380234
S34,1,6,0.053333333,0.043086927,0.010246406,18.92380234
S34,2,1,0.031028215,0.02903402,0.001994195,18.92380234
S34,2,2,0.023131673,0.017249542,0.005882131,18.92380234
S34,2,3,0,0.020680352,-0.020680352,18.92380234
S34,2,4,0.015070216,0.03284516,-0.017774944,18.92380234
S34,2,5,0.026191793,0.039082026,-0.012890233,18.92380234
S34,2,6,0.020127981,0.035681503,-0.015553521,18.92380234
S34,4,1,0.010890673,0.029669305,-0.018778631,18.92380234
S34,4,2,0.017146622,0.028756664,-0.011610042,18.92380234
S34,4,3,0.005459175,0.021584202,-0.016125027,18.92380234
S34,4,4,0.083476369,0.02377624,0.059700129,18.92380234
S34,4,5,0.013769712,0.010706336,0.003063376,18.92380234
S34,4,6,0.036212784,0.018954147,0.017258637,18.92380234
S35,1,1,0.090909091,0.058053987,0.032855104,15.8862377
S35,1,2,0,0.058053987,-0.058053987,15.8862377
S35,1,3,0.06,0.058053987,0.001946013,15.8862377
S35,1,4,0,0.033300948,-0.033300948,15.8862377
S35,1,5,0.016666667,0.058053987,-0.04138732,15.8862377
S35,1,6,0.013333333,0.04904321,-0.035709877,15.8862377
S35,2,1,0.027219744,0.033586594,-0.006366851,15.8862377
S35,2,2,0.1066149,0.04246473,0.06415017,15.8862377
S35,2,3,0.014762607,0.03637486,-0.021612254,15.8862377
S35,2,4,0,0.006102949,-0.006102949,15.8862377
S35,2,5,0.004850873,0.022380199,-0.017529326,15.8862377
S35,2,6,0.004601956,0.018439895,-0.013837939,15.8862377
S35,4,1,0.041029057,0.032370334,0.008658723,15.8862377
S35,4,2,0.036647775,0.034367453,0.002280322,15.8862377
S35,4,3,0.025735031,0.038954885,-0.013219854,15.8862377
S35,4,4,0.069509512,0.042815129,0.026694383,15.8862377
S35,4,5,0.037555294,0.032208303,0.00534699,15.8862377
S35,4,6,0.053998578,0.040357369,0.013641209,15.8862377
S36,1,1,0.015151515,0.032572927,-0.017421412,20.22923302
S36,1,2,0.023809524,0.032572927,-0.008763403,20.22923302
S36,1,3,0.03125,0.032572927,-0.001322927,20.22923302
S36,1,4,0.041666667,0.032572927,0.009093739,20.22923302
S36,1,5,0.013333333,0.032572927,-0.019239594,20.22923302
S36,1,6,0.020833333,0.032572927,-0.011739594,20.22923302
S36,2,1,0.051972188,0.031469971,0.020502218,20.22923302
S36,2,2,0.077723114,0.034713652,0.043009462,20.22923302
S36,2,3,0.05080107,0.024821093,0.025979977,20.22923302
S36,2,4,0.034727218,0.03425299,0.000474228,20.22923302
S36,2,5,0.057447595,0.04547596,0.011971635,20.22923302
S36,2,6,0.035608766,0.028383442,0.007225324,20.22923302
S36,4,1,0.054909879,0.04031708,0.0145928,20.22923302
S36,4,2,0.006961102,0.029043053,-0.02208195,20.22923302
S36,4,3,0.006512547,0.051130066,-0.044617519,20.22923302
S36,4,4,0.028406156,0.030679923,-0.002273768,20.22923302
S36,4,5,0.030361607,0.052837022,-0.022475415,20.22923302
S36,4,6,0.058388548,0.049071251,0.009317296,20.22923302
XY101,1,1,0,0.001111111,-0.001111111,21.95005274
XY101,1,2,0,0.001666667,-0.001666667,21.95005274
XY101,1,3,0,0.001111111,-0.001111111,21.95005274
XY101,1,4,0,0.001666667,-0.001666667,21.95005274
XY101,1,5,0.016666667,0.001666667,0.015,21.95005274
XY101,1,6,0,0.001666667,-0.001666667,21.95005274
XY101,2,1,0,0.000408362,-0.000408362,21.95005274
XY101,2,2,0,0.001035341,-0.001035341,21.95005274
XY101,2,3,0,0.000216035,-0.000216035,21.95005274
XY101,2,4,0,0.000445221,-0.000445221,21.95005274
XY101,2,5,0,0.00046474,-0.00046474,21.95005274
XY101,2,6,0.008618952,0.000718246,0.007900706,21.95005274
XY101,4,1,0,0.000219653,-0.000219653,21.95005274
XY101,4,2,0,0.000998454,-0.000998454,21.95005274
XY101,4,3,0.006741597,0.006783687,-4.21E-05,21.95005274
XY101,4,4,0,0.001170417,-0.001170417,21.95005274
XY101,4,5,0,0.001012789,-0.001012789,21.95005274
XY101,4,6,0,0.000630171,-0.000630171,21.95005274
