Site,MAT,MAP,LON,LAT,ALT,NestedT,Slope_PL,Slope_STP,Slope_ITV,ex_Turnover,ex_ITV,rate,P-PL,P-STP,P-ITV,GrasslandType
XY101,8.481018923,235,104.2383,36.54936,1692,21.95005274,-0.000495043,0.000181344,-0.000676366,0.002703621,0.037612389,0.071881126,0.574227534,0.527785479,0.410108425,Desert steppe
S1,3.849118932,595.1640643,102.8161111,35.26126944,2601,17.36694682,-0.002010126,-0.005358873,0.003342269,0.095353217,0.037235137,2.560839696,0.647177081,0.009181819,0.407187316,Desert steppe
S33,0.499686432,341.6982229,98.36585,35.72570278,3610,21.9285594,-0.006230779,-0.00403322,-0.002196145,0.113829807,0.033793525,3.368391088,0.026544835,0.046810968,0.264453002,Typical steppe
S34,3.97856191,251.6930202,98.10243056,36.32291667,3160,18.92380234,-0.003819769,-0.00645229,0.002631285,0.121500034,0.020225183,6.007364021,0.411345237,0.000191303,0.55438515,Typical steppe
S35,4.065437571,252.8750133,99.04158611,36.79149722,3085,15.8862377,0.005239394,-0.003726414,0.008967606,0.02233212,0.129278561,0.172744189,0.402681306,0.179821877,0.104979786,Typical steppe
S36,4.019301987,295.2091518,99.72840833,36.48398889,3190,20.22923302,0.000421692,0.003393255,-0.002969975,0.047834835,0.036684381,1.30395643,0.914744734,0.023897643,0.468231291,Typical steppe
LM18,4.8125,408,88.18423611,29.19433889,4023,19.94136475,-0.001288599,-0.000334972,-0.000953605,0.01474657,0.119517761,0.123383925,0.050629748,0.056429241,0.102410043,Typical steppe
LM19,2.875,335,87.21857778,29.23706667,4487,18.43815697,-0.000712121,0.000356663,-0.001068728,0.004103867,0.036851695,0.1113617,0.613004819,0.447086563,0.310503085,Meadow steppe
LM20,2.0291667,273,86.55095278,29.46441389,4632,22.81522137,-0.006409911,-0.000393516,-0.006011702,0.0006346,0.148336556,0.004278108,0.090767921,0.774119758,0.034061619,Typical steppe
LM21,-0.20416668,238,85.71855556,29.43129722,4961,17.80478393,0.002611366,0.002066207,0.000544937,0.153596688,0.010692521,14.3648707,0.036606358,0.019230858,0.231660962,Typical steppe
LM22,1.92499995,262,84.78524444,29.58028889,4636,18.9852192,-0.002915991,-0.002304989,-0.000610587,0.120086761,0.008438054,14.23157089,0.068786604,0.001402207,0.555679298,Meadow steppe
LM23,2.24166656,289,83.93030278,29.76523056,4584,19.85683888,-0.006752702,-0.001709076,-0.005042003,0.026619507,0.231826472,0.114825139,0.003875381,0.003710364,0.021563013,Typical steppe
LM24,0.61249995,292,83.00388889,30.24238056,4645,5.65374795,-0.005735606,-0.00380664,-0.001928496,0.176467854,0.045313864,3.894345738,0.004811438,0.000186422,0.311144771,Meadow steppe
LM25,-0.7208333,330,82.00850278,30.69096944,4819,14.34156451,-0.007099487,-0.006308891,-0.000788731,0.322340974,0.005061958,63.67911414,0.004314502,8.54E-06,0.685400846,Typical steppe
LM26,-0.04583322,423,81.41294722,30.847175,4669,19.82458788,-0.005157289,-0.005268949,0.000112553,0.312830851,0.000140494,2226.646552,0.018690711,3.08E-05,0.947110024,Desert steppe
LM27,-1.4083333,372,80.53974722,31.41492222,4772,18.51562628,-0.006732504,-0.006117811,-0.000612938,0.331795165,0.003349616,99.05469504,0.004729826,1.02E-05,0.765313757,Desert steppe
LM38,-2.32916665,102,81.513225,32.21932222,4861,6.00799168,-0.007404986,-0.004226716,-0.003176573,0.077917183,0.044056363,1.768579577,0.039440225,3.02E-06,0.316667748,Typical steppe
LM39,-1.67500007,77,82.43976944,32.3459,4744,17.98310581,-0.003611443,-0.002248171,-0.001362036,0.048601628,0.017871324,2.719531454,0.14934436,0.260478719,0.183251948,Typical steppe
LM40,0.79166669,81,83.77243611,32.30764444,4412,17.78429923,-0.014144231,-0.010651444,-0.003484636,0.361317341,0.03885225,9.299779146,7.18E-05,4.61E-08,0.11947255,Typical steppe
LM41,0.44166666,104,85.001425,32.00882222,4612,24.53937724,0.000547997,0.001178468,-0.000630467,0.163190476,0.046707778,3.493860801,0.455400333,6.68E-05,0.372654087,Typical steppe
LM42,-1.07083321,139,86.08207222,31.86635833,4796,20.58452986,0.014151744,0.004887425,0.009153991,0.012528626,0.045016329,0.27831291,0.189490849,0.005114964,0.320335529,Typical steppe
LM43,1.23333323,240,87.31460278,31.79213611,4580,26.02355974,-0.001101519,-0.003938056,0.00283505,0.092348509,0.047911841,1.927467322,0.737363102,0.027616285,0.334975023,Typical steppe
LM44,1.07499993,350,88.46596111,31.81631944,4565,13.76746303,-0.01489491,-0.014159006,-0.000659686,0.096368415,0.000260322,370.1893713,0.217015556,0.119833833,0.930285425,Typical steppe
LM46,-3.54999995,427,91.73289444,32.39819167,4800,23.00969664,-0.030588026,-0.015275799,-0.015027241,0.080719508,0.081104937,0.995247769,0.013744684,0.100670762,0.022782978,Meadow steppe
LM47,-3.625,280,92.56271944,34.31698333,4565,21.21447788,0.000941445,-0.000184404,0.001174116,2.02E-05,0.000753404,0.026827467,0.927969951,0.984081412,0.8329781,Typical steppe
LM48,-3.98333335,233,93.89466111,35.39124722,4512,19.08041057,0.002295824,0.002308717,-1.30E-05,0.190277645,5.93E-06,32068.1129,0.072104108,0.003001136,0.987672782,Typical steppe
LM51,2.20416665,343,100.1514694,36.34455278,3066,26.94965661,-0.004666793,-0.004470628,-0.0001969,0.252247014,0.000485662,519.3879203,0.025514484,0.024975277,0.909585399,Desert steppe
HK2,4.61666679,405,101.4858389,36.61646944,2507,20.9200457,0.004164089,-0.003317595,0.007444654,0.011405164,0.058003408,0.196629207,0.595920498,0.649625603,0.064670825,Typical steppe
HK5,2.35416675,209,98.425625,36.96548333,3039,24.52007555,-0.003439517,-0.00202008,-0.001415019,0.021577975,0.010653841,2.025370484,0.316835393,0.317949462,0.491978456,Typical steppe
HK6,0.5916667,230,98.04460833,37.36252778,3383,35.69473606,0.000518424,-0.000978298,0.001496709,0.05639045,0.131991284,0.427228593,0.618802686,0.341452956,0.233500549,Typical steppe
HK25,-2.63333321,285,94.90870833,34.84655278,4330,17.83546896,-0.042830906,-0.026165738,-0.016387169,0.257677467,0.104527332,2.465168312,1.95E-05,2.73E-08,0.023918461,Meadow steppe
HK26,-5.0916667,270,93.05199722,35.18738333,4658,18.94749375,-0.033597242,-0.015346138,-0.017970791,0.116690437,0.16504994,0.707000788,0.000358911,0.005835809,0.001632213,Meadow steppe
HK27,-4.42500019,346,92.01004722,33.55946389,4732,20.31113984,-0.009964192,-0.001750481,-0.008125245,0.001507666,0.033194733,0.045418819,0.378115546,0.843336656,0.175302347,Meadow steppe
HK29,5.80416679,390,90.94962222,29.54985556,3682,21.63545824,-0.016341666,-0.010874683,-0.005441061,0.211953158,0.053567588,3.956742592,0.001468412,0.003923743,0.125449275,Typical steppe
HK30,1.5,291,90.39163889,29.05575833,4469,23.45900733,-0.007302925,-0.003284521,-0.0040091,0.031375695,0.046963094,0.668092599,0.105853174,0.115691515,0.135626345,Typical steppe
HK31,1.95000005,266,89.65158333,28.65467222,4208,15.5195353,0.000583032,0.000432245,0.000150779,0.062178533,0.007566767,8.217317977,0.172348967,0.031136948,0.722717127,Typical steppe
HK32,-0.58333331,263,88.78400833,28.20403611,4803,24.2413498,0.002140988,0.001777326,0.000363527,0.11794183,0.004937748,23.8857508,0.087897479,0.060333449,0.665747731,Typical steppe
HK33,2.17499995,454,87.81893889,28.172375,4350,26.87620786,-0.003885874,-0.005314583,0.001428263,0.146229779,0.010567811,13.83728151,0.261150145,0.106141168,0.416063863,Typical steppe
HK34,4.2874999,508,87.21779444,28.60510833,4260,23.46368122,0.000115631,-7.29E-06,0.000122925,3.82E-05,0.010853533,0.003520636,0.698861271,0.961895221,0.738974746,Typical steppe
HK38,0.47916657,425,89.66235556,31.58255556,4589,15.14263936,-0.000714297,-0.000202012,-0.00051228,0.010283512,0.066131744,0.155500391,0.143968037,0.022915272,0.238621647,Typical steppe
HK39,-0.4416666,426,90.81030556,31.39724444,4614,31.1474543,0.003442714,0.002071161,0.001371219,0.105451533,0.046243533,2.280352014,0.020770184,0.009495132,0.290258975,Typical steppe
HK40,-0.9041667,421,91.71875556,31.609875,4563,19.15624147,0.000683097,0.002378124,-0.001694855,0.101685143,0.051658515,1.96841012,0.717747065,0.033972034,0.316235912,Meadow steppe
NM3,7.8375001,297,107.0983167,37.76903333,1496,25.12648506,-0.003393227,-0.002152916,-0.001240111,0.090114181,0.029908903,3.012955122,0.047357733,0.076648437,0.318679975,Typical steppe
NM9,4.7208333,191,108.39865,41.734175,1461,21.58613126,-0.000123255,5.84E-06,-0.00012909,9.42E-06,0.004608992,0.002043811,0.798310319,0.938635249,0.783381628,Desert steppe
NM10,5.6541667,158,107.866625,42.07049444,1302,21.74598902,0.000520608,-0.000262995,0.000783599,0.026806186,0.237975971,0.112642405,0.189490849,0.132939079,0.068953677,Desert steppe
NM11,5.57499981,165,108.6435472,42.23232222,1165,19.7756853,0,0,0,,,,NaN,NaN,NaN,Typical steppe
NM12,5.3458333,167,109.2819389,42.37846944,1173,22.54335106,0,0,0,,,,NaN,NaN,NaN,Desert steppe
NM13,5.70416689,164,110.0081635,42.42117557,1143,25.47230839,0,0,0,,,,NaN,NaN,NaN,Desert steppe
NM14,4.6624999,225,110.1204722,41.90107222,1435,24.32217896,0,0,0,,,,NaN,NaN,NaN,Desert steppe
NM17,3,335,110.7260972,40.90486944,1721,21.63710824,-0.005898887,-0.004031894,-0.00186631,0.059671995,0.012794913,4.663727989,0.145382261,0.288045932,0.164602366,Typical steppe
NM20,5.57916689,163,110.8034056,42.72433611,971,19.22360793,0,0,0,,,,NaN,NaN,NaN,Desert steppe
NM21,4.79583359,155,111.2912556,43.10095,1032,28.14179547,0,0,0,,,,NaN,NaN,NaN,Desert steppe
NM23,3.98333335,215,111.5631139,41.79689167,1375,36.20965233,-0.00011616,0.000126354,-0.0002425,0.00185454,0.006831774,0.27145799,0.87605779,0.585548467,0.715050034,Typical steppe
NM33,1.55416667,222,114.3363472,44.40805833,1073,21.52173352,0,0,0,,,,NaN,NaN,NaN,Typical steppe
NM34,0.19583334,242,114.6475694,44.88246944,1322,26.8370785,0,0,0,,,,NaN,NaN,NaN,Typical steppe
NM75,2.72916651,319,114.9607583,42.36788056,1412,27.66009734,-0.020404473,-0.015453259,-0.004900418,0.215151027,0.022086486,9.74129719,0.006893044,8.86E-06,0.455989637,Typical steppe
NM79,1.9041667,199,113.1571694,44.42975833,1184,20.8922971,0,0,0,,,,NaN,NaN,NaN,Typical steppe
NM80,2.2249999,182,112.362225,44.58740556,1111,24.3248101,0,0,0,,,,NaN,NaN,NaN,Desert steppe
NM81,3.01666665,165,112.0587167,44.15485556,1012,22.55627949,-0.000317465,9.35E-06,-0.000326815,5.83E-05,0.071246388,0.000818985,0.298818986,0.910686425,0.160755308,Desert steppe
NM84,4.57916641,208,113.0004139,43.25316667,1014,24.28591916,0,0,0,,,,NaN,NaN,NaN,Desert steppe
NM86,5.42916632,223,112.9084944,42.38191667,1123,22.19564675,-0.000317465,-7.69E-05,-0.000240555,0.003945565,0.038599579,0.102217824,0.298818986,0.04308419,0.408560297,Typical steppe
NM87,4.17916679,251,113.6172222,42.33605556,1272,34.74331048,-0.002980094,-0.000647788,-0.002329706,0.003176498,0.041176956,0.077142617,0.298818986,0.505982689,0.226608639,Typical steppe
NM96,7.70416689,223,104.8720517,36.98690331,1715,25.57634388,0,0,0,,,,NaN,NaN,NaN,Typical steppe
